DB	00,00,83,80,00,00,00,83
DB	80,80,80,80,80,83,80,00
DB	00,9B,84,9B,9B,9B,9B,9B
DB 	84,9B,84,00,00,00,00,00
;
DB	00,00,99,80,00,00,00,99
DB	99,99,99,99,80,99,80,00
DB	00,9B,9A,9B,9A,9A,9A,9A
DB	9A,9B,9A,00,00,00,00,00
;
DB	00,00,99,80,00,00,00,99 
DB	80,80,80,80,80,99,80,00
DB	00,9B,9A,9B,9A,84,00,00
DB	00,9B,9A,00,00,00,00,00
;
DB	00,00,99,80,00,00,00,99
DB	80,80,80,80,80,99,80,00
DB	00,9B,9A,9B,9A,9B,84,00
DB	00,9B,9A,00,00,00,00,00
;
DB	00,00,99,80,00,00,00,99
DB	99,99,80,80,80,99,80,00
DB	00,9B,9A,9B,9A,9A,9A,00
DB	00,9B,9A,84,00,00,00,00
;
DB	00,00,99,80,00,00,00,99
DB	80,80,80,80,80,99,80,00
DB	00,9B,9A,9B,9A,9B,9B,84
DB	00,9B,9A,9B,84,00,00,00
;
DB	00,00,99,80,80,80,80,99
DB	80,80,80,80,80,89,85,86
DB	88,87,8B,9B,9A,9B,9B,9B
DB	84,9B,9A,9B,9B,84,00,00
;
DB	00,00,99,99,99,99,81,99
DB	99,99,99,99,81,00,8A,89
DB	8B,8C,00,82,9A,9A,9A,9A
DB	9A,82,9A,9A,9A,9A,00,00
;
DB	00,00,00,00,00,00,00,00
DB	00,00,00,00,00,00,8D,8E
DB	8F,90,00,00,00,00,00,00
DB	00,00,00,00,00,00,00,00
;
DB	00,00,00,00,00,00,00,00
DB	00,00,00,00,00,00,98,00
DB	00,91,00,00,00,00,00,00
DB	00,00,00,00,00,00,00,00
;
DB	00,00,00,00,00,00,00,00
DB	00,00,00,00,00,00,97,00
DB	00,92,00,00,00,00,00,00
DB	00,00,00,00,00,00,00,00
;
DB	00,00,00,00,00,00,00,00
DB	00,00,00,00,00,00,96,95 
DB	94,93,00,00,00,00,00,00
DB	00,00,00,00,00,00,00,00
;
;
DEMOCUBE:
	DB	
	DB	0,0,1,2,3,4,0,0
	DB	0,0,5,6,7,8,0,0
	DB	9,0A,0B,0C,11,12,13,14
	DB	0D,0E,0F,10,1B,0E,0F,1C
	DB	15,15,16,16,15,15,16,16
	DB	